1 11 0
0 11 46
15 61 65
65 14 15
16 61 15
16 99 100
133 17 141
133 99 16
16 17 133
93 113 92
108 100 109
124 134 125
12 24 13
13 63 12
2 3 32
3 39 32
33 24 32
32 39 33
47 71 48
51 80 52
26 34 31
26 15 14
33 34 25
25 14 13
25 26 14
34 26 25
13 24 25
25 24 33
31 30 22
22 30 17
22 26 31
15 26 22
22 17 16
16 15 22
27 28 35
7 8 35
35 8 27
132 21 10
10 21 9
27 8 9
9 21 27
5 6 45
37 30 31
141 17 18
17 30 18
130 146 131
138 132 131
21 132 138
131 146 138
146 139 138
56 69 61
57 69 56
56 61 16
16 100 56
56 108 57
100 108 56
125 134 143
137 98 99
99 133 137
55 60 94
54 60 55
54 53 66
66 60 54
105 113 93
93 94 105
105 94 60
122 89 90
58 57 107
57 108 107
103 98 97
4 39 3
23 12 11
23 1 2
11 1 23
2 32 23
24 12 23
23 32 24
11 12 62
47 46 62
62 46 11
62 71 47
62 63 71
62 12 63
49 48 78
78 48 71
50 49 83
49 78 83
83 78 79
68 75 76
76 69 68
68 69 57
68 57 58
67 68 58
75 68 67
41 6 7
7 35 41
42 45 41
41 45 6
5 45 44
44 4 5
39 4 44
152 130 129
146 130 152
156 129 128
156 152 129
153 152 156
27 21 20
21 138 20
20 28 27
20 138 139
19 28 20
20 139 19
125 143 126
150 127 126
126 143 150
97 98 136
136 137 145
98 137 136
59 67 58
66 67 59
59 60 66
59 105 60
101 86 87
88 110 87
87 110 101
95 124 85
85 86 95
134 124 95
95 86 101
95 96 134
101 96 95
135 143 134
134 96 135
135 96 97
97 136 135
123 122 90
90 91 123
119 91 92
119 92 113
120 123 119
119 123 91
115 116 120
115 107 108
115 108 109
109 116 115
58 107 106
106 59 58
113 105 106
105 59 106
88 89 117
117 110 88
111 110 117
118 111 117
117 122 118
89 122 117
102 110 111
102 103 97
111 103 102
97 96 102
102 96 101
101 110 102
98 103 104
109 100 104
104 100 99
99 98 104
112 111 118
112 103 111
112 104 103
118 116 112
112 116 109
109 104 112
79 73 77
79 78 72
72 73 79
71 63 72
72 78 71
50 83 84
84 51 50
80 51 84
80 75 74
75 67 74
52 80 74
74 67 66
74 53 52
66 53 74
36 35 28
36 41 35
36 37 42
42 41 36
40 34 33
33 39 40
39 44 40
149 148 153
147 152 153
153 148 147
147 139 146
146 152 147
155 156 128
128 127 155
155 127 150
144 135 136
144 136 145
150 143 144
143 135 144
122 123 121
118 122 121
121 116 118
120 116 121
121 123 120
114 106 107
120 119 114
114 119 113
113 106 114
114 115 120
107 115 114
70 73 65
70 77 73
65 61 70
61 69 70
70 69 76
76 77 70
73 72 64
64 14 65
65 73 64
13 14 64
64 63 13
64 72 63
82 84 83
82 83 79
79 77 82
29 28 19
29 36 28
19 18 29
37 36 29
30 37 29
29 18 30
43 44 45
43 45 42
43 40 44
141 148 142
148 149 142
142 133 141
142 137 133
145 137 142
142 149 145
140 147 148
141 18 140
140 148 141
140 18 19
19 139 140
139 147 140
156 155 154
153 156 154
154 149 153
84 82 81
76 75 81
81 77 76
81 82 77
81 75 80
80 84 81
34 40 38
40 43 38
31 34 38
38 37 31
42 37 38
38 43 42
151 154 155
151 144 145
145 149 151
149 154 151
151 155 150
150 144 151
