 0.0000000000000e+00  0.0000000000000e+00
 1.0000000000000e-01  0.0000000000000e+00
 2.0000000000000e-01  0.0000000000000e+00
 3.0000000000000e-01  0.0000000000000e+00
 4.0000000000000e-01  0.0000000000000e+00
 5.0000000000000e-01  0.0000000000000e+00
 6.0000000000000e-01  0.0000000000000e+00
 7.0000000000000e-01  0.0000000000000e+00
 8.0000000000000e-01  0.0000000000000e+00
 9.0000000000000e-01  0.0000000000000e+00
 1.0000000000000e+00  0.0000000000000e+00
 8.0000000000000e-02  8.0000000000000e-02
 1.6000000000000e-01  1.6000000000000e-01
 2.4000000000000e-01  2.4000000000000e-01
 3.2500000000000e-01  3.2500000000000e-01
 4.1000000000000e-01  4.1000000000000e-01
 5.0000000000000e-01  5.0000000000000e-01
 5.9000000000000e-01  4.1000000000000e-01
 6.7500000000000e-01  3.2500000000000e-01
 7.6000000000000e-01  2.4000000000000e-01
 8.4000000000000e-01  1.6000000000000e-01
 9.2000000000000e-01  8.0000000000000e-02
 5.0000000000000e-01  3.6820000000000e-01
 1.7750000000000e-01  7.3400000000000e-02
 2.5350000000000e-01  1.4670000000000e-01
 3.3060000000000e-01  2.1740000000000e-01
 4.0960000000000e-01  2.9090000000000e-01
 8.2250000000000e-01  7.3400000000000e-02
 7.4650000000000e-01  1.4670000000000e-01
 6.6940000000000e-01  2.1740000000000e-01
 5.9040000000000e-01  2.9090000000000e-01
 5.0000000000000e-01  2.5190000000000e-01
 2.7550000000000e-01  7.0900000000000e-02
 3.4950000000000e-01  1.3960000000000e-01
 4.2180000000000e-01  2.0110000000000e-01
 7.2450000000000e-01  7.0900000000000e-02
 6.5050000000000e-01  1.3960000000000e-01
 5.7820000000000e-01  2.0110000000000e-01
 5.0000000000000e-01  1.7260000000000e-01
 3.7220000000000e-01  6.8100000000000e-02
 4.3890000000000e-01  1.3120000000000e-01
 6.2780000000000e-01  6.8100000000000e-02
 5.6110000000000e-01  1.3120000000000e-01
 5.0000000000000e-01  1.1210000000000e-01
 4.6560000000000e-01  6.5700000000000e-02
 5.3440000000000e-01  6.5700000000000e-02
 0.0000000000000e+00  1.0000000000000e-01
 0.0000000000000e+00  2.0000000000000e-01
 0.0000000000000e+00  3.0000000000000e-01
 0.0000000000000e+00  4.0000000000000e-01
 0.0000000000000e+00  5.0000000000000e-01
 0.0000000000000e+00  6.0000000000000e-01
 0.0000000000000e+00  7.0000000000000e-01
 0.0000000000000e+00  8.0000000000000e-01
 0.0000000000000e+00  9.0000000000000e-01
 0.0000000000000e+00  1.0000000000000e+00
 4.1000000000000e-01  5.9000000000000e-01
 3.2500000000000e-01  6.7500000000000e-01
 2.4000000000000e-01  7.6000000000000e-01
 1.6000000000000e-01  8.4000000000000e-01
 8.0000000000000e-02  9.2000000000000e-01
 3.6820000000000e-01  5.0000000000000e-01
 7.3400000000000e-02  1.7750000000000e-01
 1.4670000000000e-01  2.5350000000000e-01
 2.1740000000000e-01  3.3060000000000e-01
 2.9090000000000e-01  4.0960000000000e-01
 7.3400000000000e-02  8.2250000000000e-01
 1.4670000000000e-01  7.4650000000000e-01
 2.1740000000000e-01  6.6940000000000e-01
 2.9090000000000e-01  5.9040000000000e-01
 2.5190000000000e-01  5.0000000000000e-01
 7.0900000000000e-02  2.7550000000000e-01
 1.3960000000000e-01  3.4950000000000e-01
 2.0110000000000e-01  4.2180000000000e-01
 7.0900000000000e-02  7.2450000000000e-01
 1.3960000000000e-01  6.5050000000000e-01
 2.0110000000000e-01  5.7820000000000e-01
 1.7260000000000e-01  5.0000000000000e-01
 6.8100000000000e-02  3.7220000000000e-01
 1.3120000000000e-01  4.3890000000000e-01
 6.8100000000000e-02  6.2780000000000e-01
 1.3120000000000e-01  5.6110000000000e-01
 1.1210000000000e-01  5.0000000000000e-01
 6.5700000000000e-02  4.6560000000000e-01
 6.5700000000000e-02  5.3440000000000e-01
 1.0000000000000e+00  1.0000000000000e+00
 9.0000000000000e-01  1.0000000000000e+00
 8.0000000000000e-01  1.0000000000000e+00
 7.0000000000000e-01  1.0000000000000e+00
 6.0000000000000e-01  1.0000000000000e+00
 5.0000000000000e-01  1.0000000000000e+00
 4.0000000000000e-01  1.0000000000000e+00
 3.0000000000000e-01  1.0000000000000e+00
 2.0000000000000e-01  1.0000000000000e+00
 1.0000000000000e-01  1.0000000000000e+00
 9.2000000000000e-01  9.2000000000000e-01
 8.4000000000000e-01  8.4000000000000e-01
 7.6000000000000e-01  7.6000000000000e-01
 6.7500000000000e-01  6.7500000000000e-01
 5.9000000000000e-01  5.9000000000000e-01
 5.0000000000000e-01  6.3180000000000e-01
 8.2250000000000e-01  9.2660000000000e-01
 7.4650000000000e-01  8.5330000000000e-01
 6.6940000000000e-01  7.8260000000000e-01
 5.9040000000000e-01  7.0910000000000e-01
 1.7750000000000e-01  9.2660000000000e-01
 2.5350000000000e-01  8.5330000000000e-01
 3.3060000000000e-01  7.8260000000000e-01
 4.0960000000000e-01  7.0910000000000e-01
 5.0000000000000e-01  7.4810000000000e-01
 7.2450000000000e-01  9.2910000000000e-01
 6.5050000000000e-01  8.6040000000000e-01
 5.7820000000000e-01  7.9890000000000e-01
 2.7550000000000e-01  9.2910000000000e-01
 3.4950000000000e-01  8.6040000000000e-01
 4.2180000000000e-01  7.9890000000000e-01
 5.0000000000000e-01  8.2740000000000e-01
 6.2780000000000e-01  9.3190000000000e-01
 5.6110000000000e-01  8.6880000000000e-01
 3.7220000000000e-01  9.3190000000000e-01
 4.3890000000000e-01  8.6880000000000e-01
 5.0000000000000e-01  8.8790000000000e-01
 5.3440000000000e-01  9.3430000000000e-01
 4.6560000000000e-01  9.3430000000000e-01
 1.0000000000000e+00  9.0000000000000e-01
 1.0000000000000e+00  8.0000000000000e-01
 1.0000000000000e+00  7.0000000000000e-01
 1.0000000000000e+00  6.0000000000000e-01
 1.0000000000000e+00  5.0000000000000e-01
 1.0000000000000e+00  4.0000000000000e-01
 1.0000000000000e+00  3.0000000000000e-01
 1.0000000000000e+00  2.0000000000000e-01
 1.0000000000000e+00  1.0000000000000e-01
 6.3180000000000e-01  5.0000000000000e-01
 9.2660000000000e-01  8.2250000000000e-01
 8.5330000000000e-01  7.4650000000000e-01
 7.8260000000000e-01  6.6940000000000e-01
 7.0910000000000e-01  5.9040000000000e-01
 9.2660000000000e-01  1.7750000000000e-01
 8.5330000000000e-01  2.5350000000000e-01
 7.8260000000000e-01  3.3060000000000e-01
 7.0910000000000e-01  4.0960000000000e-01
 7.4810000000000e-01  5.0000000000000e-01
 9.2910000000000e-01  7.2450000000000e-01
 8.6040000000000e-01  6.5050000000000e-01
 7.9890000000000e-01  5.7820000000000e-01
 9.2910000000000e-01  2.7550000000000e-01
 8.6040000000000e-01  3.4950000000000e-01
 7.9890000000000e-01  4.2180000000000e-01
 8.2740000000000e-01  5.0000000000000e-01
 9.3190000000000e-01  6.2780000000000e-01
 8.6880000000000e-01  5.6110000000000e-01
 9.3190000000000e-01  3.7220000000000e-01
 8.6880000000000e-01  4.3890000000000e-01
 8.8790000000000e-01  5.0000000000000e-01
 9.3430000000000e-01  5.3440000000000e-01
 9.3430000000000e-01  4.6560000000000e-01
