166 66 65
269 218 217
67 323 169
218 219 164
323 150 169
215 219 105
277 132 223
215 470 471
227 63 62
534 539 473
324 166 455
227 62 171
215 106 265
164 473 539
172 60 59
137 138 230
273 222 165
74 231 75
223 167 277
230 229 137
274 133 134
68 169 278
271 18 17
70 279 71
265 470 215
70 69 226
176 72 71
67 169 68
221 273 377
304 110 111
140 238 237
57 179 58
220 344 271
56 55 177
114 115 264
171 228 151
272 107 108
325 153 179
213 214 163
127 233 282
212 509 424
53 52 235
509 163 437
327 177 457
181 235 52
203 251 296
376 424 438
213 509 263
233 127 128
64 170 455
134 275 274
104 105 219
430 168 429
229 136 137
329 155 183
456 58 179
274 167 223
140 237 139
309 233 128
74 73 175
277 276 131
172 456 326
183 328 78
149 247 246
309 178 233
133 223 132
167 414 385
216 266 305
179 57 325
344 220 270
276 130 131
155 328 183
76 174 459
231 175 152
77 183 78
174 76 75
232 73 72
155 458 328
119 120 206
328 458 79
54 457 55
409 411 307
460 81 185
308 415 429
74 175 231
279 70 226
327 153 177
142 143 239
330 84 83
188 285 85
456 59 58
326 179 153
85 84 188
281 125 126
54 180 457
87 86 241
190 90 89
286 88 87
461 48 201
235 181 154
241 286 87
236 51 50
332 91 90
389 234 282
140 141 238
180 54 53
239 143 240
116 117 209
554 526 185
109 110 222
111 263 304
240 143 144
245 244 146
166 323 66
176 232 72
310 130 276
313 94 242
290 240 144
156 330 189
91 192 92
152 175 232
244 145 146
459 77 76
242 94 93
243 288 350
289 96 95
331 156 189
142 239 284
192 287 92
329 183 459
246 158 194
228 61 60
350 289 243
333 159 198
244 290 145
188 330 156
99 196 0
288 98 97
100 247 149
479 554 476
269 315 102
173 283 400
177 325 56
496 515 395
282 281 126
410 553 448
47 201 48
47 46 334
461 335 182
517 468 300
50 49 182
199 46 45
208 209 162
42 251 297
214 114 264
468 469 207
334 160 201
117 118 258
154 181 236
369 371 264
41 251 42
190 332 90
318 200 250
199 334 46
250 122 123
250 123 318
245 147 194
382 225 277
202 120 121
227 171 151
119 205 118
367 162 258
139 237 283
205 119 206
182 236 50
295 121 122
113 114 214
44 43 253
170 64 63
40 39 252
256 33 339
38 298 39
202 206 120
205 206 161
37 254 38
256 34 33
205 365 258
465 255 338
299 36 255
199 337 160
254 299 204
36 35 255
541 484 528
209 117 258
32 257 339
259 300 29
202 406 408
208 115 116
208 116 209
28 259 29
226 69 278
295 122 250
339 207 256
264 208 369
335 201 160
115 208 264
199 462 337
297 43 42
260 27 26
161 206 202
260 301 27
461 49 48
301 210 259
406 202 295
296 40 252
257 32 31
324 150 166
215 105 106
134 135 275
218 104 219
172 228 60
82 189 83
438 343 488
64 455 65
25 302 26
196 333 0
109 222 273
108 273 272
319 125 281
52 51 181
107 265 106
269 102 103
62 61 171
333 198 1
2 1 198
404 351 441
311 187 285
547 247 314
248 5 4
103 104 218
460 82 81
241 86 285
331 189 460
356 285 188
112 263 111
258 118 205
354 278 169
270 20 19
98 349 99
344 19 18
213 113 214
16 15 321
248 4 292
375 422 21
211 261 303
110 304 222
8 7 293
548 217 538
432 159 550
449 437 453
261 25 24
96 350 97
242 93 287
305 10 267
8 317 9
266 12 11
196 361 159
191 287 312
358 287 192
267 10 9
100 314 247
246 148 149
186 290 402
245 194 158
15 14 306
15 306 321
427 405 403
482 363 336
213 112 113
491 397 388
44 462 45
147 148 194
332 157 192
229 307 136
278 354 168
383 346 382
490 172 326
69 68 278
279 226 168
227 151 439
63 227 170
228 171 61
492 172 490
229 409 307
275 135 307
283 138 139
229 230 173
413 152 412
75 231 174
232 175 73
443 232 176
129 310 309
233 178 282
389 390 347
495 182 335
235 154 440
53 235 180
236 181 51
497 182 495
237 398 283
230 283 173
284 141 142
237 238 184
416 284 239
238 284 184
290 144 145
239 240 186
86 85 285
241 187 286
93 92 287
313 322 360
243 289 360
547 544 195
146 147 245
244 193 290
427 434 312
244 245 193
246 194 148
336 363 364
101 315 314
246 247 195
292 4 3
249 293 316
535 197 537
471 521 164
124 319 318
295 250 200
296 41 40
251 203 297
298 38 254
368 541 366
463 511 512
44 253 462
299 37 36
298 254 204
464 34 256
255 464 338
338 256 207
464 35 34
29 300 30
366 365 205
162 209 258
301 28 27
210 517 259
302 25 261
451 260 302
303 24 23
302 261 211
375 20 270
343 375 373
213 263 112
263 212 304
370 369 208
163 214 264
272 265 107
265 272 470
305 11 10
306 320 529
317 8 293
471 342 521
522 489 379
474 321 268
218 269 103
315 269 551
373 270 220
375 21 20
321 474 475
108 109 273
272 221 470
378 377 273
272 273 221
274 223 133
415 308 355
135 136 307
274 275 224
131 132 277
310 276 494
383 382 277
276 277 225
354 169 150
168 226 278
430 279 168
71 279 176
129 130 310
225 382 387
126 127 282
319 281 501
390 389 282
281 282 234
283 230 138
399 398 237
284 238 141
402 404 552
356 188 156
187 241 285
358 192 157
191 242 287
363 288 243
363 482 288
313 95 94
191 313 242
403 402 290
240 290 186
101 102 315
197 292 505
432 198 159
197 248 292
316 7 6
317 293 249
124 125 319
234 389 394
121 295 202
296 251 41
296 252 527
297 203 503
43 297 253
484 298 204
39 298 252
299 254 37
465 299 255
300 259 517
301 259 28
260 451 452
451 302 211
26 302 260
303 261 24
444 303 262
423 304 212
222 304 165
305 266 11
518 305 267
320 14 13
306 268 321
410 409 229
224 275 307
324 386 481
224 307 411
129 309 128
178 309 280
494 276 225
310 280 309
508 401 431
507 552 404
157 428 405
418 193 245
313 191 322
95 313 289
101 314 100
314 291 547
551 269 217
315 291 314
535 520 249
316 293 7
519 317 249
9 317 267
124 318 123
200 318 294
501 281 234
319 294 318
489 529 530
320 306 14
470 381 342
191 312 434
364 421 436
66 323 67
150 323 166
439 425 227
386 346 383
56 325 57
153 325 177
390 178 396
225 387 388
440 426 235
327 180 426
155 554 458
78 328 79
231 413 174
283 398 400
84 330 188
83 189 330
348 479 476
417 284 416
157 332 190
91 332 192
0 333 1
159 333 196
160 334 199
47 334 201
160 337 511
234 394 395
243 420 363
159 361 362
200 514 407
341 370 372
258 365 367
32 339 33
207 339 257
366 161 368
299 465 204
257 468 207
371 163 264
377 381 221
475 524 220
378 165 380
19 344 270
18 271 344
374 343 373
220 271 475
386 324 425
346 425 439
393 327 426
347 426 440
525 399 184
329 476 155
99 349 196
98 288 349
97 350 288
96 289 350
402 403 351
351 405 428
407 406 295
527 484 483
448 152 443
443 176 430
480 354 150
308 168 354
224 414 274
354 480 308
285 356 311
239 186 416
431 401 417
287 358 312
245 158 418
421 433 435
313 360 289
420 360 322
482 196 349
362 361 336
545 336 364
544 547 543
364 363 420
336 361 482
421 364 420
436 421 435
366 205 161
340 516 365
161 408 368
340 365 366
367 365 516
338 207 486
483 368 352
368 483 484
370 208 162
369 341 371
485 162 367
341 369 370
371 467 454
210 301 452
370 485 372
487 486 372
220 524 373
343 445 375
377 378 345
423 380 165
262 422 445
270 373 375
376 423 424
374 488 343
378 273 165
381 377 523
304 423 165
374 345 378
522 523 474
306 529 268
488 380 376
374 378 380
523 377 345
342 381 379
383 277 167
387 346 384
167 385 383
170 425 324
172 492 228
310 494 280
414 167 274
308 480 355
383 385 386
481 355 480
346 387 382
384 493 387
493 490 491
326 153 499
390 282 178
394 347 391
396 178 397
347 390 393
182 497 236
319 501 294
491 490 326
500 327 393
396 393 390
500 392 499
347 394 389
391 498 394
498 495 496
511 513 160
397 178 280
392 500 396
388 397 280
392 396 397
399 237 184
398 348 400
184 401 525
348 398 399
477 348 476
478 174 413
417 184 284
431 417 357
403 290 193
402 351 404
427 193 418
427 312 405
351 428 441
351 403 405
407 295 200
408 406 352
407 514 512
337 462 532
368 408 352
202 408 161
410 229 173
409 353 411
553 173 400
353 409 410
279 430 176
415 355 414
553 412 448
348 477 400
152 413 231
412 477 478
504 224 411
385 414 355
504 414 224
308 429 168
552 416 186
417 416 357
431 357 507
417 401 184
435 418 158
418 359 427
362 544 543
360 420 243
421 420 322
433 421 322
436 158 246
21 422 22
424 423 212
380 423 376
263 509 212
262 445 444
425 170 227
346 386 425
426 180 235
347 393 426
427 403 193
427 359 434
190 428 157
446 187 441
443 442 353
442 430 429
430 442 443
331 508 156
550 159 362
432 419 505
433 322 191
435 433 359
359 433 434
191 434 433
418 435 359
435 158 436
195 546 246
246 546 436
371 454 510
211 303 444
445 438 444
492 439 151
439 384 346
497 440 154
440 391 347
446 441 428
187 447 441
415 442 429
353 442 411
448 443 353
443 152 232
453 444 449
375 445 422
343 438 445
190 446 428
187 446 286
311 447 187
404 441 447
410 448 353
152 448 412
424 437 449
510 453 437
163 510 437
450 454 452
453 211 444
451 450 452
260 452 301
450 510 454
450 451 453
453 451 211
467 341 466
210 452 454
455 166 65
170 324 455
59 456 172
179 326 456
457 177 55
180 327 457
79 458 80
459 183 77
174 478 459
460 189 82
185 331 460
49 461 182
201 335 461
462 199 45
532 462 253
514 200 515
395 498 496
35 464 255
256 338 464
465 338 487
528 484 204
467 210 454
469 341 372
341 467 371
467 466 517
469 468 466
341 469 466
469 372 486
381 470 221
342 471 470
472 521 342
519 518 267
531 379 489
216 305 518
472 530 518
519 534 473
522 474 268
345 374 524
524 474 345
476 329 477
399 525 348
478 477 329
553 477 412
329 459 478
412 478 413
479 525 526
554 185 458
324 480 150
385 481 386
355 481 385
324 481 480
196 482 361
288 482 349
352 533 503
203 296 527
298 484 252
204 465 528
162 485 370
485 367 487
469 486 207
372 485 487
487 367 516
338 486 487
380 488 374
438 488 376
529 216 530
489 530 531
499 491 326
384 439 492
397 491 392
493 491 388
228 492 151
384 492 490
387 493 388
490 493 384
225 388 494
280 494 388
495 335 496
391 440 497
513 496 335
515 496 463
236 497 154
391 497 495
394 498 395
495 498 391
500 153 327
491 499 392
393 396 500
153 500 499
234 395 501
294 501 395
297 502 253
503 203 483
352 503 483
297 503 502
414 504 415
432 505 292
548 549 543
539 542 164
507 357 552
311 431 507
508 331 526
156 508 356
163 509 213
424 509 437
371 510 163
453 510 450
337 532 512
463 496 513
337 512 511
502 407 512
160 513 335
463 513 511
515 200 294
463 512 514
395 515 294
463 514 515
487 516 465
467 517 210
468 517 466
267 317 519
521 518 473
534 249 520
473 518 519
249 316 535
536 506 538
518 521 472
164 521 473
522 268 529
523 522 379
381 523 379
345 474 523
374 373 524
474 524 475
526 525 401
348 525 479
508 526 401
185 526 331
527 483 203
252 484 527
340 366 541
216 529 320
522 529 489
518 530 216
531 530 472
472 342 531
379 531 342
532 253 502
512 532 502
407 502 533
503 533 502
249 534 519
539 534 520
316 197 535
535 537 536
506 548 538
520 535 536
505 537 197
506 536 537
542 217 218
536 538 540
520 540 539
542 540 538
536 540 520
542 538 217
484 541 368
340 541 528
164 542 218
540 542 539
547 291 543
432 550 419
545 362 336
364 546 545
546 364 436
362 545 544
195 544 546
545 546 544
547 195 247
548 543 291
291 315 551
549 548 506
549 506 537
549 419 550
362 543 550
550 543 549
217 548 551
291 551 548
416 552 357
402 552 186
173 553 410
477 553 400
476 554 155
526 554 479
81 80 185
458 185 80
431 356 508
311 356 431
157 405 358
312 358 405
549 537 419
505 419 537
311 507 447
404 447 507
424 449 438
444 438 449
215 471 219
164 219 471
411 442 504
415 504 442
340 528 516
465 516 528
352 406 533
407 533 406
3 555 292
3 2 555
2 198 555
555 198 432
555 432 292
6 556 316
6 5 556
5 248 556
556 248 197
556 197 316
13 557 320
13 12 557
12 266 557
557 266 216
557 216 320
16 321 558
16 558 17
17 558 271
558 475 271
558 321 475
22 559 23
22 422 559
422 262 559
559 262 303
559 303 23
30 300 560
30 560 31
31 560 257
560 468 257
560 300 468
88 286 561
88 561 89
89 561 190
561 446 190
561 286 446
