 0.0000000000000e+00  2.0000000000000e+00
 1.2558100000000e-01  1.9960530000000e+00
 2.5066650000000e-01  1.9842290000000e+00
 3.7476260000000e-01  1.9645750000000e+00
 4.9737980000000e-01  1.9371660000000e+00
 6.1803400000000e-01  1.9021130000000e+00
 7.3624910000000e-01  1.8595530000000e+00
 8.5155860000000e-01  1.8096540000000e+00
 9.6350730000000e-01  1.7526130000000e+00
 1.0716540000000e+00  1.6886560000000e+00
 1.1755710000000e+00  1.6180340000000e+00
 1.2748480000000e+00  1.5410260000000e+00
 1.3690940000000e+00  1.4579370000000e+00
 1.4579370000000e+00  1.3690940000000e+00
 1.5410260000000e+00  1.2748480000000e+00
 1.6180340000000e+00  1.1755710000000e+00
 1.6886560000000e+00  1.0716540000000e+00
 1.7526130000000e+00  9.6350730000000e-01
 1.8096540000000e+00  8.5155860000000e-01
 1.8595530000000e+00  7.3624910000000e-01
 1.9021130000000e+00  6.1803400000000e-01
 1.9371660000000e+00  4.9737980000000e-01
 1.9645750000000e+00  3.7476260000000e-01
 1.9842290000000e+00  2.5066650000000e-01
 1.9960530000000e+00  1.2558100000000e-01
 2.0000000000000e+00  1.2246470000000e-16
 1.9960530000000e+00 -1.2558100000000e-01
 1.9842290000000e+00 -2.5066650000000e-01
 1.9645750000000e+00 -3.7476260000000e-01
 1.9371660000000e+00 -4.9737980000000e-01
 1.9021130000000e+00 -6.1803400000000e-01
 1.8595530000000e+00 -7.3624910000000e-01
 1.8096540000000e+00 -8.5155860000000e-01
 1.7526130000000e+00 -9.6350730000000e-01
 1.6886560000000e+00 -1.0716540000000e+00
 1.6180340000000e+00 -1.1755710000000e+00
 1.5410260000000e+00 -1.2748480000000e+00
 1.4579370000000e+00 -1.3690940000000e+00
 1.3690940000000e+00 -1.4579370000000e+00
 1.2748480000000e+00 -1.5410260000000e+00
 1.1755710000000e+00 -1.6180340000000e+00
 1.0716540000000e+00 -1.6886560000000e+00
 9.6350730000000e-01 -1.7526130000000e+00
 8.5155860000000e-01 -1.8096540000000e+00
 7.3624910000000e-01 -1.8595530000000e+00
 6.1803400000000e-01 -1.9021130000000e+00
 4.9737980000000e-01 -1.9371660000000e+00
 3.7476260000000e-01 -1.9645750000000e+00
 2.5066650000000e-01 -1.9842290000000e+00
 1.2558100000000e-01 -1.9960530000000e+00
 2.4492940000000e-16 -2.0000000000000e+00
-1.2558100000000e-01 -1.9960530000000e+00
-2.5066650000000e-01 -1.9842290000000e+00
-3.7476260000000e-01 -1.9645750000000e+00
-4.9737980000000e-01 -1.9371660000000e+00
-6.1803400000000e-01 -1.9021130000000e+00
-7.3624910000000e-01 -1.8595530000000e+00
-8.5155860000000e-01 -1.8096540000000e+00
-9.6350730000000e-01 -1.7526130000000e+00
-1.0716540000000e+00 -1.6886560000000e+00
-1.1755710000000e+00 -1.6180340000000e+00
-1.2748480000000e+00 -1.5410260000000e+00
-1.3690940000000e+00 -1.4579370000000e+00
-1.4579370000000e+00 -1.3690940000000e+00
-1.5410260000000e+00 -1.2748480000000e+00
-1.6180340000000e+00 -1.1755710000000e+00
-1.6886560000000e+00 -1.0716540000000e+00
-1.7526130000000e+00 -9.6350730000000e-01
-1.8096540000000e+00 -8.5155860000000e-01
-1.8595530000000e+00 -7.3624910000000e-01
-1.9021130000000e+00 -6.1803400000000e-01
-1.9371660000000e+00 -4.9737980000000e-01
-1.9645750000000e+00 -3.7476260000000e-01
-1.9842290000000e+00 -2.5066650000000e-01
-1.9960530000000e+00 -1.2558100000000e-01
-2.0000000000000e+00 -3.6739400000000e-16
-1.9960530000000e+00  1.2558100000000e-01
-1.9842290000000e+00  2.5066650000000e-01
-1.9645750000000e+00  3.7476260000000e-01
-1.9371660000000e+00  4.9737980000000e-01
-1.9021130000000e+00  6.1803400000000e-01
-1.8595530000000e+00  7.3624910000000e-01
-1.8096540000000e+00  8.5155860000000e-01
-1.7526130000000e+00  9.6350730000000e-01
-1.6886560000000e+00  1.0716540000000e+00
-1.6180340000000e+00  1.1755710000000e+00
-1.5410260000000e+00  1.2748480000000e+00
-1.4579370000000e+00  1.3690940000000e+00
-1.3690940000000e+00  1.4579370000000e+00
-1.2748480000000e+00  1.5410260000000e+00
-1.1755710000000e+00  1.6180340000000e+00
-1.0716540000000e+00  1.6886560000000e+00
-9.6350730000000e-01  1.7526130000000e+00
-8.5155860000000e-01  1.8096540000000e+00
-7.3624910000000e-01  1.8595530000000e+00
-6.1803400000000e-01  1.9021130000000e+00
-4.9737980000000e-01  1.9371660000000e+00
-3.7476260000000e-01  1.9645750000000e+00
-2.5066650000000e-01  1.9842290000000e+00
-1.2558100000000e-01  1.9960530000000e+00
 0.0000000000000e+00  1.0000000000000e+00
 1.2533320000000e-01  9.9211470000000e-01
 2.4868990000000e-01  9.6858320000000e-01
 3.6812460000000e-01  9.2977650000000e-01
 4.8175370000000e-01  8.7630670000000e-01
 5.8778530000000e-01  8.0901700000000e-01
 6.8454710000000e-01  7.2896860000000e-01
 7.7051320000000e-01  6.3742400000000e-01
 8.4432790000000e-01  5.3582680000000e-01
 9.0482710000000e-01  4.2577930000000e-01
 9.5105650000000e-01  3.0901700000000e-01
 9.8228730000000e-01  1.8738130000000e-01
 9.9802670000000e-01  6.2790520000000e-02
 9.9802670000000e-01 -6.2790520000000e-02
 9.8228730000000e-01 -1.8738130000000e-01
 9.5105650000000e-01 -3.0901700000000e-01
 9.0482710000000e-01 -4.2577930000000e-01
 8.4432790000000e-01 -5.3582680000000e-01
 7.7051320000000e-01 -6.3742400000000e-01
 6.8454710000000e-01 -7.2896860000000e-01
 5.8778530000000e-01 -8.0901700000000e-01
 4.8175370000000e-01 -8.7630670000000e-01
 3.6812460000000e-01 -9.2977650000000e-01
 2.4868990000000e-01 -9.6858320000000e-01
 1.2533320000000e-01 -9.9211470000000e-01
 1.2246470000000e-16 -1.0000000000000e+00
-1.2533320000000e-01 -9.9211470000000e-01
-2.4868990000000e-01 -9.6858320000000e-01
-3.6812460000000e-01 -9.2977650000000e-01
-4.8175370000000e-01 -8.7630670000000e-01
-5.8778530000000e-01 -8.0901700000000e-01
-6.8454710000000e-01 -7.2896860000000e-01
-7.7051320000000e-01 -6.3742400000000e-01
-8.4432790000000e-01 -5.3582680000000e-01
-9.0482710000000e-01 -4.2577930000000e-01
-9.5105650000000e-01 -3.0901700000000e-01
-9.8228730000000e-01 -1.8738130000000e-01
-9.9802670000000e-01 -6.2790520000000e-02
-9.9802670000000e-01  6.2790520000000e-02
-9.8228730000000e-01  1.8738130000000e-01
-9.5105650000000e-01  3.0901700000000e-01
-9.0482710000000e-01  4.2577930000000e-01
-8.4432790000000e-01  5.3582680000000e-01
-7.7051320000000e-01  6.3742400000000e-01
-6.8454710000000e-01  7.2896860000000e-01
-5.8778530000000e-01  8.0901700000000e-01
-4.8175370000000e-01  8.7630670000000e-01
-3.6812460000000e-01  9.2977650000000e-01
-2.4868990000000e-01  9.6858320000000e-01
-1.2533320000000e-01  9.9211470000000e-01
-1.5531728327000e+00 -9.2701496538100e-01
-1.1976777698300e+00 -1.3879837016000e+00
-1.7421983082700e+00 -1.3791758630800e-01
-6.9841043068500e-01 -1.6288068584300e+00
-1.5628513572900e-01 -1.8307713583700e+00
-1.7446475002300e+00  3.8111635818600e-01
-1.5740552827000e+00  9.0133237434800e-01
-1.0161608751100e+00  1.4622046655700e+00
-4.1377524137700e-01  1.1887517211000e+00
 7.9574005972100e-02  1.7604681488700e+00
 3.6227192814500e-01 -1.7525562657600e+00
 8.1512300774300e-01 -1.0016405219100e+00
 1.0900390939900e+00 -6.0860174521000e-01
 1.2612416042000e+00 -1.1478287792500e-01
 7.0234101201000e-01  1.1361978062700e+00
 1.1650056838200e+00  4.3112620639500e-01
-1.5786006633200e+00 -1.0489550754800e+00
-1.0336397022500e+00 -7.1661789684000e-01
-1.6517946102100e+00 -6.4078907404700e-01
-1.6688154290100e+00 -8.7961508269300e-01
-1.4033354686500e+00 -1.2139814373300e+00
-1.2591137141900e+00 -1.4449411792200e+00
-1.0396809565200e+00 -1.5383173418600e+00
-1.2531593484500e+00 -1.7942424342700e-03
-1.8672069671500e+00  7.5403351667200e-02
-1.8939923675600e+00 -1.6710725707900e-01
-1.7957456948500e+00 -4.1697335233200e-01
-6.4802150734200e-01 -1.7736558178200e+00
-4.3525827847400e-01 -1.1797331511600e+00
-8.3943474066900e-01 -1.6875399510300e+00
-4.2193052652800e-01 -1.8180352459600e+00
-1.7064534676000e-01 -1.9093563286900e+00
 5.7852724541900e-02 -1.8557719477900e+00
-1.8598877217400e+00  3.1002179724600e-01
-1.1799537107400e+00  4.8602714747900e-01
-1.7301408179000e+00  6.3322026842000e-01
-9.1179932660600e-01  8.1529248164300e-01
-1.3005073391400e+00  1.1922118493900e+00
-1.5680423370400e+00  1.0322171624200e+00
-1.6894069149400e+00  8.7654397750600e-01
-1.1645882821000e+00  1.4710303731400e+00
-6.6392755295200e-01  1.5894788660100e+00
-9.7709941122900e-01  1.5987085932000e+00
-6.6703902139900e-01  1.0989563516600e+00
-3.5320995653400e-01  1.0463465113300e+00
-7.1146062925600e-02  1.2589475914100e+00
-4.8389456510300e-02  1.8671429578100e+00
 5.5125941508200e-01  1.7024491188700e+00
 1.8261656000300e-01  1.8790399868500e+00
 4.9767754145500e-01 -1.8051656760500e+00
 3.2913486533200e-01 -1.2211606988700e+00
 3.0402122238400e-01 -1.8696967093600e+00
 6.1730797391900e-01 -9.8957534510300e-01
 9.5211052023000e-01 -1.4973485227900e+00
 1.2644043467100e+00 -1.2428242036800e+00
 8.4537388986600e-01 -8.0801732684300e-01
 7.1172054147300e-01 -8.6729351716400e-01
 1.5818329893600e+00 -7.9424346041600e-01
 1.0702975504000e+00 -4.4063056937400e-01
 9.7091757920800e-01 -5.3809506404600e-01
 1.6847013510000e+00 -3.4235728708000e-01
 1.7770235098000e+00  5.3444216748400e-02
 1.2137229604600e+00  1.9231553302000e-01
 1.1218533192600e+00  6.9907466436300e-03
 1.0856628525000e+00 -1.1953763020100e-01
 7.3543102034100e-01  8.5293795675400e-01
 1.2289317949100e+00  1.3046417450200e+00
 4.1687972539000e-01  1.2040204340300e+00
 5.0368061353300e-01  1.0514535884000e+00
 6.2593576441400e-01  9.4918583345400e-01
 1.6470093724100e+00  7.4163239062400e-01
 1.0049223619400e+00  7.3541647461800e-01
 1.0243356094500e+00  3.9105118065400e-01
-8.9854176360300e-01 -6.3674052390900e-01
-1.1365216323600e+00 -4.5654954069300e-01
-7.9852788799300e-01 -9.9084512304500e-01
-1.7953187008000e+00 -6.6545300141300e-01
-1.3045485872600e+00 -1.3293339809900e+00
-1.1658662290600e+00 -1.4893360142600e+00
-1.1376187945000e+00 -1.2637131327700e-01
-1.1018599151200e+00 -9.9204668310500e-04
-1.8816691749700e+00 -5.4050501832500e-02
-1.8370361469100e+00 -2.7534460555700e-01
-3.5800775451200e-01 -1.0336486181400e+00
-7.2383170308100e-02 -1.2822584282100e+00
-2.7086904951600e-01 -1.8473945171700e+00
-7.1718803761000e-02 -1.8907032844000e+00
-1.1120758269800e+00  3.0755136507800e-01
-1.0218460692400e+00  4.1272752560500e-01
-8.8676513364100e-01  6.7470998283600e-01
-8.0452166267400e-01  7.3603349047900e-01
-1.4218675240600e+00  1.2746348585100e+00
-7.3529427555100e-01  1.7264485279500e+00
-3.9822301453300e-01  1.7704975121600e+00
-5.8129826500800e-01  9.3353119611800e-01
-4.8336060617600e-01  1.0293252846800e+00
-2.2355660358000e-01  1.1511222739400e+00
-4.3475636261800e-02  1.1193766648800e+00
 5.5077028719100e-01  1.8386223629600e+00
 7.8362006009100e-01  1.5549322808500e+00
 3.1331219802700e-01 -1.0481345287200e+00
 9.8935382125200e-01 -1.6159139195300e+00
 1.1555144851900e+00 -1.4578904611400e+00
 7.1624998325500e-01 -1.6888666925000e+00
 1.3474857634300e+00 -1.3375676411200e+00
 1.4955491916700e+00 -1.1243482450700e+00
 1.6354397445900e+00 -9.4689134436700e-01
 1.7353857829300e+00 -7.5115740867800e-01
 9.3159314450100e-01 -6.8730119802100e-01
 1.8141234170000e+00 -4.1826268110400e-01
 1.8545762788000e+00 -1.6767951591000e-01
 1.9093780087000e+00  5.8869592777400e-02
 1.8083994481300e+00  2.9059031730900e-01
 1.1156515168900e+00  1.2285885631900e-01
 1.1323385232700e+00 -2.7063067930700e-01
 7.8867033097600e-01  7.4028190296200e-01
 1.2833842888800e+00  1.4272157574500e+00
 1.0343635614700e+00  1.5159701052900e+00
 1.3975384759300e+00  1.0478774849500e+00
 3.4649599313000e-01  1.0834850596200e+00
 1.7552754574200e+00  6.6022906708200e-01
 1.6997479527400e+00  8.5378518409300e-01
 8.9145561520100e-01  6.7680536585200e-01
 1.0242687085400e+00  5.5811229100200e-01
-9.9951176324300e-01 -5.4079113117700e-01
-1.0138784793700e+00 -4.0514098038000e-01
-6.9397130174600e-01 -8.7522172311700e-01
-8.5518557562700e-01 -7.9934712217600e-01
-1.7369878491000e+00 -7.6494122206500e-01
-1.7818083288100e+00 -5.4274772657400e-01
-5.8344085830300e-01 -1.0934847309400e+00
-5.0722858899800e-02 -1.1252355634500e+00
-2.3068667903400e-01 -1.1526293644800e+00
-1.1402360278300e+00  1.2582456822000e-01
-9.9988897870200e-01  5.6007655002300e-01
-1.4641053846900e+00  1.1308176701200e+00
-1.3320729015900e+00  1.3467246266800e+00
-8.3113104437300e-01  1.6412950790500e+00
-2.9978759815400e-01  1.8544330267600e+00
-4.9813435904300e-01  1.8259493470900e+00
-7.4534765009900e-01  8.9714090858800e-01
 1.8763741851100e-01  1.2378390035800e+00
 4.1848563135500e-01  1.8071474021500e+00
 8.5345200926000e-01  1.6839719394400e+00
 1.6537868041700e-01 -1.2349683672300e+00
 4.8334289172800e-01 -1.0763864828100e+00
 1.0639490389800e+00 -1.5660571349700e+00
 8.3454406613400e-01 -1.6217627516200e+00
 1.2534331440200e+00 -1.3825816132100e+00
 1.4099895393800e+00 -1.2308364452800e+00
 1.7890835727700e+00 -5.3805352857300e-01
 1.8338094925400e+00 -2.9447691263100e-01
 1.8793361075000e+00 -4.9421526132300e-02
 1.8638517273300e+00  1.8145438905600e-01
 1.0955299844500e+00  2.7819588884400e-01
 1.1592150971600e+00  1.4502839337400e+00
 1.4527305306000e+00  1.1467957656000e+00
-1.1028236931600e+00 -3.0145699375800e-01
-1.5052075757600e+00 -7.0617240335200e-01
-4.8056316742700e-01 -1.0097648431300e+00
-5.7698594137000e-01 -9.5507345522000e-01
-1.3171808004200e+00  1.0232811435800e+00
-7.7910873251400e-01  1.4651321037200e+00
-6.1348971292700e-01  1.7553286772900e+00
 9.1474374466500e-02  1.1171332644100e+00
 2.1498050596700e-01  1.1009803616900e+00
 7.1494902302200e-01  1.7153177219100e+00
 9.3493163043700e-01  1.6061146738800e+00
 1.9668781843200e-01 -1.0975547809100e+00
 8.9416818786800e-02 -1.1202927340500e+00
 1.3791525891600e+00  1.2488187118100e+00
 1.5361682263500e+00  1.0263165298600e+00
-5.2818834558800e-01  1.6241783659000e+00
-1.6481713542500e+00 -9.7814551345300e-01
-1.4101171839400e+00 -1.0295778425700e+00
-7.5732614566200e-01 -1.7593560268700e+00
-8.5716513477800e-01 -1.5131534029800e+00
-5.1587037287800e-01 -1.6790987137800e+00
-1.8665344506600e+00  4.1317886448300e-01
-1.7199933142400e+00  2.5314300162200e-01
-1.6581935228400e+00  9.6342429737500e-01
-1.6173811722100e+00  7.5769534982700e-01
-1.0788781737200e+00  1.5749460750500e+00
 6.9607287123700e-02  1.9112847861800e+00
 4.0560403268500e-01 -1.8718086113900e+00
 1.9610480873600e-01 -1.7514435119000e+00
-1.4456564412400e-01  1.6293505696200e+00
 4.8611246474500e-01 -1.6891037673200e+00
 1.4686109457600e+00 -9.5791547674700e-01
 1.7130106251900e+00 -8.6224664173900e-01
 1.0700452737300e+00 -9.9185695763000e-01
 1.3956181323500e+00 -4.9552914527300e-01
 9.9548782264400e-01  1.0093903270200e+00
 1.5843435326400e+00  4.6421627902700e-01
 1.7536569519300e+00  7.7459008154800e-01
 1.3276254281100e+00  7.2217269170200e-01
-1.0940025214600e+00 -1.0748256215800e+00
-2.6693472930500e-01 -1.5228275627500e+00
-1.4071173806700e+00  2.9786171240900e-01
-1.8301445292900e-01  1.9003345084700e+00
-4.1822739389600e-01  1.8687467340400e+00
-1.0063484376900e+00  1.1603873916900e+00
 7.9221026804700e-01 -1.2619208619500e+00
-1.4128171638600e+00 -2.7316815773500e-01
-1.5955874259800e+00 -7.9438751553900e-01
-1.3338195812600e+00 -7.5011546864400e-01
-1.4460735525700e+00  9.6143349935300e-01
-1.1382864573400e+00  8.2979669814800e-01
-9.0802165776900e-01  1.4979591734300e+00
-5.8784036024800e-01  1.3581535658500e+00
-4.7642440563900e-01  1.7266983637800e+00
-5.9156331517300e-02  1.7287881686600e+00
 2.7048614039400e-02  1.5789844351500e+00
-2.6927718935000e-01  1.7004056386500e+00
-2.7294070731700e-01  1.5200799935300e+00
 1.0285933165400e+00 -8.6127791361400e-01
 9.4714556805000e-01 -9.8663319976600e-01
 1.1172972920900e+00 -7.6213259377900e-01
 9.1438484772700e-01 -1.1535284438100e+00
 1.2382971933800e+00 -4.2055639463100e-01
 1.2196542313600e+00 -5.5225873466900e-01
 1.3620338847400e+00 -2.7653283921500e-01
 1.3384663079500e+00 -6.4861591599600e-01
 1.6141422143700e+00  6.0729517158100e-01
 1.4292747326400e+00  5.7849190693200e-01
 1.7648831518300e+00  5.2013756641400e-01
 1.3710739754400e+00  3.3765753933600e-01
 1.1475812105200e+00  7.1040879630300e-01
 1.2315670503400e+00  5.8139841820800e-01
 1.1411637635100e+00  9.6650471970700e-01
 1.3025895563200e+00  4.4971409349700e-01
 1.0655336369400e+00  8.5418396122800e-01
-9.4092460719100e-01 -9.7997781027900e-01
-1.0542405469700e+00 -8.7925356590600e-01
-1.0105300364100e+00 -1.2359547100600e+00
-1.1887658361100e+00 -8.1028445499100e-01
-1.2160627687600e+00 -9.8238179235600e-01
-9.1014610055000e-01 -1.1175952921100e+00
-7.4035828472900e-01 -1.1536202620600e+00
-1.9726471573100e-01 -1.3577459848400e+00
-3.5301177619200e-01 -1.3396449173300e+00
-9.5934227297300e-02 -1.6092446817800e+00
-6.2858170756300e-01 -1.3911649338800e+00
-4.2240964388400e-01 -1.5203292009300e+00
-9.1695056414000e-02 -1.4534045102900e+00
 7.7720956878700e-02 -1.3842418093000e+00
-5.0474831726900e-01 -1.3643918170500e+00
-6.1901338381600e-01 -1.2526213527800e+00
-1.2530946571800e+00  2.4942119489500e-01
-1.2647042254800e+00  3.6178772135400e-01
-1.3307792341500e+00  1.3041371071500e-01
-1.3249581507700e+00  6.3263603328300e-01
-9.4114719235500e-01  9.8781290843300e-01
-8.3044993646500e-01  1.1137966221200e+00
-1.0978737668900e+00  1.0566392761000e+00
-9.0221636786400e-01  1.3377537503700e+00
 6.5444747977800e-01 -1.1831519922000e+00
 5.0817837515000e-01 -1.3323062441700e+00
 7.5782196308400e-01 -1.1209415372400e+00
-1.2530697728000e+00 -2.4009062988200e-01
-1.3174288133100e+00 -1.2473830943700e-01
-1.2668302616900e+00 -3.6594997925800e-01
-1.6426095919200e+00  7.6016562140800e-03
-1.7819697220300e+00  1.0543401429200e-02
-1.1834795547000e+00 -6.3518207412100e-01
-1.3697034835900e+00 -6.0875799518300e-01
-1.0249080573600e+00  7.5059893793800e-01
-1.1796797139200e+00  6.8098057243300e-01
-5.6149071528800e-01  1.2068547325200e+00
 3.1699064475000e-01  1.6169621721300e+00
-3.9431185666800e-01  1.6486253455500e+00
-4.1767122332200e-01  1.4992058757500e+00
 1.8395283634600e+00  3.9332812797400e-01
 1.2518294598100e+00  3.0658388368900e-01
 1.3679158835600e+00  1.9335738728700e-01
-1.2692185877700e+00 -1.1559676558100e+00
-3.5545181567600e-01 -1.6973469025800e+00
-7.2600434533100e-01  1.2970325741400e+00
-1.0669559583900e+00  1.3366106686600e+00
-1.5233712949400e+00 -5.8124730993900e-01
-1.6340754592300e+00 -4.7601566023900e-01
-1.3074308992400e+00  8.2862705194300e-01
 2.5852281879700e-01  1.7547533143900e+00
-5.4178656877600e-01  1.4759583103400e+00
-6.5513577628200e-01  1.4366471968400e+00
-4.7152836267200e-01  1.3453571199100e+00
-3.3452220267800e-01  1.3375820114900e+00
 1.4145580928200e+00  2.5169922621900e-02
 1.5143074325000e+00  2.9559787037700e-01
-1.1654076783500e+00 -1.2580213574600e+00
-2.0699260188800e-01 -1.7133320093700e+00
-1.1433063521400e+00  1.1816049426100e+00
-1.4442945844700e+00 -4.2909213169400e-01
-1.6255152456800e+00 -3.0692457742600e-01
 1.6950737590200e+00  1.8955260108200e-01
 1.6983170292700e+00  3.6119552176900e-01
-1.2019683345800e+00  1.3310823148600e+00
-1.1997932899000e+00  1.0769783849100e+00
-1.5151264428400e+00 -1.4620357498100e-01
 1.5077778194900e+00  1.4135930450600e-01
 1.6213836914700e+00 -1.3966721367300e-01
 1.7376801453600e+00 -8.2319732681500e-02
 1.7032229126500e+00 -2.1967212269900e-01
 1.5970349961700e+00  1.2240766809100e-02
 1.5673488428300e+00 -2.4622206370700e-01
-1.5220274310200e+00 -1.1572270003700e+00
-9.5968441759000e-01 -1.6474724298900e+00
-5.4398933676000e-01 -1.8324528290100e+00
-1.8074998552400e+00  5.0555480593300e-01
-1.8631835588300e+00  1.8903953344600e-01
-1.7439684642900e+00  7.8202315088100e-01
 1.9288029296600e-01 -1.9019584892700e+00
 6.0453119685000e-01 -1.7577291352000e+00
 3.2160694934900e-01 -1.5230349867800e+00
 1.5904114967200e+00 -1.0623148199300e+00
 1.3283930382900e+00 -1.0489288988300e+00
 1.5622216923400e+00 -5.2763143467300e-01
 1.5392261620600e+00 -3.9816837849700e-01
 1.6569491387500e+00 -6.2448648948900e-01
 1.4989749702900e+00 -6.5154120771600e-01
 8.9900624233500e-01  8.3932155179800e-01
 7.9715133325800e-01  9.9425934494600e-01
 1.0448269863000e+00  1.1335223097500e+00
 8.3231462285600e-01  1.2890134726100e+00
 1.4182523208500e+00  8.9282613661800e-01
 1.5640212916600e+00  8.6974378277400e-01
-1.5909859570300e+00  3.2602248557700e-01
-1.5575390101300e+00  1.6360759885300e-01
-1.7427643335700e+00  1.1657548645900e-01
-1.5145692475000e+00  4.3675420410300e-01
-1.4478066037000e+00 -8.4893023610600e-01
-1.3173796595500e+00 -8.7291050944600e-01
-1.7385448544600e-01  1.7769313285900e+00
 9.3755471588200e-01 -1.3583297735300e+00
 1.0949005065600e+00 -1.2849126832300e+00
 1.2074896915500e+00 -6.7080138216500e-01
 1.4396792680500e+00 -7.6635159241400e-01
 1.2960041967700e+00 -8.3313992598400e-01
 1.4353263724300e+00  4.1739042992600e-01
 1.1925097439200e+00  1.0717365634700e+00
-9.4171341265500e-01 -1.3914451763300e+00
-7.6590451933400e-01 -1.3430646112600e+00
-1.0811187292600e+00 -1.3843952181200e+00
-8.8072666421100e-01 -1.2463168748100e+00
-6.7272534979000e-01 -1.0080058073500e+00
 3.8966480362400e-02 -1.6899042664100e+00
 1.5634669722000e-01 -1.5675359205300e+00
-6.7154546213000e-02 -1.7590223873900e+00
 9.4840141858800e-03 -1.5505714003100e+00
-6.9339194185600e-01 -1.4721375757300e+00
-5.6353383377400e-01 -1.5143001356700e+00
 4.3316064352800e-02 -1.2190004708600e+00
 6.6768368864300e-01 -1.5056201766200e+00
 8.1244439440600e-01 -1.4200521574700e+00
-1.2766732257800e+00 -4.9682475442400e-01
 3.9501426614600e-01  1.6867516356700e+00
 4.2040994352400e-01  1.4340215562900e+00
-1.1843995046400e+00  9.5907493051200e-01
-1.4601553475900e+00  7.8358445563100e-01
 1.2527692486100e+00  7.1713477396300e-02
 1.4745967729200e+00 -1.1882383589500e-01
 3.8683675688100e-01 -1.6345363572300e+00
 4.8500839291200e-01 -1.5347891998900e+00
 2.9694018566500e-01 -1.6447430631700e+00
 3.6840023638400e-01 -1.4058500629100e+00
 2.2882284116000e-01 -1.3922425123800e+00
 1.1729782228900e+00 -9.2670533115400e-01
 1.6765466118800e+00 -4.6885876981600e-01
 1.0257758706000e+00  1.3109829616900e+00
 8.8949037125500e-01  1.4344600678900e+00
 6.6106125315200e-01  1.4547985323500e+00
 9.0184973998100e-01  1.1528104763300e+00
 1.2823259120400e+00  9.9349962097800e-01
 1.2337893695000e+00  8.4510942673300e-01
 1.4864745696800e+00  7.2488518254700e-01
-1.3718456253700e+00  4.8710050979400e-01
-1.5228075552900e+00  6.0087033211900e-01
 1.0345047554100e+00 -1.4455885389700e+00
 1.1736781199000e+00 -1.0890743151700e+00
 1.3034048808300e+00  1.1466355666100e+00
 1.1584185658300e+00  1.1789879990900e+00
 1.1117043964700e+00  1.0749927330100e+00
 5.8114806585100e-01 -1.6421968240800e+00
 7.0101071358100e-01 -1.3247675764100e+00
 7.6658495858900e-01  1.4079661016600e+00
 6.1411033061100e-01  1.5780408309600e+00
 5.2364323849900e-01  1.4489377964600e+00
 4.4493021353600e-01  1.5590313248100e+00
 4.7076673415900e-01  1.3321903819000e+00
 6.7991342536100e-01  1.3153542473200e+00
 5.7814210820400e-01  1.3580104654900e+00
 1.0389363627000e+00 -1.0831865664700e+00
 5.6650662206100e-01  1.2356021530400e+00
 1.3984368313300e-01  1.4109040523400e+00
-1.5017651538900e-02  1.3971529783100e+00
-1.1880774716400e-01  1.4975099147900e+00
-1.8543333779800e-01  1.3532309970900e+00
 4.9606735092100e-02  1.2482623095300e+00
 3.1798588922300e-01  1.3318614554900e+00
 2.9958813500900e-01  1.4976633165200e+00
 1.8497579483100e-01  1.5999061242100e+00
 2.9557367685400e-01  1.1835957658900e+00
-1.0466520595600e+00  9.0092862491900e-01
-1.4333846074300e+00 -3.7762406737000e-03
-1.6547770959900e+00  4.7571788932400e-01
 2.8893598080500e-01  1.8857795725000e+00
 6.3382759822000e-01  1.8121055403700e+00
 1.3460925699600e+00  1.3686141288400e+00
 1.6570245051800e+00  9.5289406714900e-01
 1.8918964725700e+00  3.0068142987800e-01
 1.7960617340000e+00 -6.5825461435800e-01
-1.2749683546400e+00  1.4296893732300e+00
